0.000000 1.000000 -0.000000 -0.000000 -0.000000 -0.000000 1.000000 0.000000 0.000000 -0.000000 0.000000 1.000000 0.000000
0.103992 0.999997 0.000641 0.002203 0.809857 -0.000648 0.999996 0.002873 -0.006396 -0.002201 -0.002874 0.999993 0.180417
0.207866 0.999994 0.001483 0.003221 1.633007 -0.001501 0.999983 0.005592 -0.012178 -0.003213 -0.005597 0.999979 0.358610
0.311727 0.999993 0.002264 0.003097 2.393622 -0.002285 0.999973 0.006931 -0.027930 -0.003082 -0.006938 0.999971 0.537593
0.415728 0.999992 0.002687 0.003041 3.178793 -0.002714 0.999957 0.008904 -0.039651 -0.003017 -0.008912 0.999956 0.714392
0.519601 0.999989 0.003498 0.003114 3.904644 -0.003526 0.999953 0.009069 -0.045922 -0.003082 -0.009080 0.999954 0.893647
0.623604 0.999981 0.004256 0.004442 4.638098 -0.004298 0.999947 0.009364 -0.053262 -0.004402 -0.009383 0.999946 1.073365
0.727601 0.999960 0.005214 0.007332 5.330303 -0.005288 0.999936 0.010045 -0.068025 -0.007279 -0.010084 0.999923 1.252425
0.831603 0.999911 0.006816 0.011502 5.979513 -0.006929 0.999927 0.009881 -0.071268 -0.011434 -0.009960 0.999885 1.435078
0.935478 0.999850 0.008225 0.015268 6.596284 -0.008364 0.999924 0.009064 -0.084219 -0.015192 -0.009190 0.999842 1.617391
1.039479 0.999796 0.009436 0.017854 7.192510 -0.009584 0.999920 0.008215 -0.101428 -0.017775 -0.008385 0.999807 1.798368
1.143476 0.999775 0.010959 0.018150 7.777592 -0.011117 0.999901 0.008610 -0.117544 -0.018054 -0.008810 0.999798 1.978079
1.247351 0.999792 0.012469 0.016145 8.309822 -0.012628 0.999872 0.009793 -0.105855 -0.016021 -0.009995 0.999822 2.157603
1.351354 0.999822 0.013744 0.012948 8.787376 -0.013871 0.999856 0.009772 -0.082449 -0.012812 -0.009950 0.999868 2.341598
1.455351 0.999810 0.015615 0.011705 9.236613 -0.015714 0.999841 0.008472 -0.076935 -0.011571 -0.008655 0.999896 2.523228
1.559353 0.999798 0.017711 0.009526 9.665655 -0.017758 0.999831 0.004828 -0.069718 -0.009439 -0.004996 0.999943 2.707963
1.663351 0.999772 0.019703 0.008179 10.066816 -0.019724 0.999802 0.002484 -0.082411 -0.008129 -0.002645 0.999963 2.890464
1.767351 0.999735 0.022026 0.006761 10.456058 -0.022072 0.999733 0.006801 -0.078285 -0.006610 -0.006948 0.999954 3.076423
1.871356 0.999665 0.025134 0.006161 10.777677 -0.025203 0.999617 0.011454 -0.074679 -0.005871 -0.011605 0.999915 3.264813
1.975354 0.999566 0.028587 0.007149 11.071597 -0.028674 0.999513 0.012347 -0.069587 -0.006793 -0.012547 0.999898 3.453208
2.079357 0.999464 0.031820 0.007763 11.348611 -0.031884 0.999457 0.008267 -0.089756 -0.007496 -0.008510 0.999936 3.634940
2.183231 0.999383 0.034433 0.006929 11.597726 -0.034456 0.999401 0.003128 -0.110875 -0.006818 -0.003365 0.999971 3.815149
2.287229 0.999281 0.036978 0.008421 11.822236 -0.036976 0.999316 -0.000407 -0.137074 -0.008430 0.000096 0.999964 3.996434
2.391227 0.999166 0.039654 0.009777 11.924452 -0.039648 0.999213 -0.000795 -0.132964 -0.009801 0.000407 0.999952 4.193110
2.495124 0.999093 0.041697 0.008671 12.037596 -0.041699 0.999130 0.000040 -0.140353 -0.008661 -0.000402 0.999962 4.381336
2.599102 0.999008 0.043972 0.007079 12.135067 -0.043980 0.999032 0.000887 -0.151008 -0.007033 -0.001197 0.999975 4.567212
2.703101 0.998897 0.046559 0.006140 12.223369 -0.046579 0.998910 0.003096 -0.157509 -0.005989 -0.003379 0.999976 4.755330
2.807134 0.998816 0.048290 0.005949 12.314083 -0.048326 0.998813 0.006037 -0.170441 -0.005650 -0.006318 0.999964 4.942487
2.910979 0.998760 0.049569 0.004729 12.327601 -0.049605 0.998739 0.007727 -0.152708 -0.004340 -0.007952 0.999959 5.141176
3.014982 0.998666 0.051549 0.002823 12.370923 -0.051567 0.998645 0.006955 -0.155513 -0.002461 -0.007091 0.999972 5.330054
3.118993 0.998591 0.053046 0.001164 12.403588 -0.053051 0.998576 0.005691 -0.155353 -0.000860 -0.005745 0.999983 5.518520
3.223003 0.998533 0.054145 -0.000022 12.461551 -0.054144 0.998521 0.004889 -0.171114 0.000287 -0.004880 0.999988 5.700692
3.326977 0.998451 0.055627 -0.001327 12.484167 -0.055619 0.998436 0.005622 -0.169159 0.001638 -0.005539 0.999983 5.890612
3.430852 0.998372 0.056939 -0.003416 12.520691 -0.056915 0.998357 0.006666 -0.177933 0.003790 -0.006460 0.999972 6.076871
3.534749 0.998315 0.057752 -0.005645 12.541651 -0.057714 0.998310 0.006815 -0.180976 0.006029 -0.006478 0.999961 6.265712
3.638730 0.998256 0.058486 -0.007974 12.587204 -0.058438 0.998273 0.006058 -0.197864 0.008314 -0.005581 0.999950 6.449034
3.742730 0.998259 0.058123 -0.010024 12.633194 -0.058074 0.998299 0.005163 -0.214025 0.010307 -0.004571 0.999936 6.632342
3.846729 0.998362 0.056073 -0.011344 12.673720 -0.056023 0.998419 0.004653 -0.219541 0.011587 -0.004009 0.999925 6.816330
3.950602 0.998514 0.053075 -0.012362 12.701722 -0.053019 0.998582 0.004800 -0.212328 0.012600 -0.004137 0.999912 7.003497
4.054603 0.998704 0.049052 -0.013547 12.749108 -0.048983 0.998785 0.005411 -0.216280 0.013796 -0.004741 0.999894 7.186655
4.158380 0.998949 0.043396 -0.014762 12.802140 -0.043316 0.999045 0.005712 -0.223380 0.014996 -0.005066 0.999875 7.368063
4.262355 0.999202 0.036752 -0.015647 12.854683 -0.036668 0.999312 0.005596 -0.228755 0.015841 -0.005018 0.999862 7.549474
4.366232 0.999426 0.029535 -0.016573 12.885823 -0.029444 0.999550 0.005671 -0.222066 0.016733 -0.005180 0.999847 7.732671
4.470105 0.999614 0.021408 -0.017725 12.916940 -0.021307 0.999756 0.005833 -0.211525 0.017845 -0.005453 0.999826 7.915695
4.574104 0.999751 0.011411 -0.019174 12.975523 -0.011324 0.999925 0.004683 -0.213248 0.019226 -0.004465 0.999805 8.095551
4.677976 0.999777 -0.001510 -0.021038 13.038804 0.001578 0.999994 0.003236 -0.209214 0.021033 -0.003269 0.999773 8.276076
4.781730 0.999580 -0.017346 -0.023227 13.131673 0.017405 0.999846 0.002328 -0.211481 0.023183 -0.002731 0.999727 8.453309
4.885477 0.999026 -0.036725 -0.024479 13.201507 0.036802 0.999319 0.002707 -0.183968 0.024363 -0.003605 0.999697 8.638203
4.989228 0.997988 -0.058496 -0.024472 13.307773 0.058597 0.998276 0.003428 -0.161019 0.024229 -0.004855 0.999695 8.821056
5.092855 0.996349 -0.082058 -0.023565 13.419888 0.082173 0.996610 0.003976 -0.126888 0.023158 -0.005898 0.999714 9.003747
5.196627 0.993816 -0.108749 -0.022431 13.574406 0.108882 0.994043 0.004808 -0.096764 0.021775 -0.007220 0.999737 9.186147
5.300239 0.990112 -0.138697 -0.020987 13.724719 0.138848 0.990296 0.005897 -0.044041 0.019965 -0.008753 0.999762 9.369149
5.403733 0.984949 -0.171898 -0.018083 13.912072 0.172027 0.985075 0.005838 0.018723 0.016809 -0.008861 0.999819 9.552448
5.507500 0.977878 -0.208643 -0.014891 14.118269 0.208758 0.977945 0.006624 0.089804 0.013180 -0.009586 0.999867 9.735020
5.611107 0.968593 -0.248440 -0.010222 14.310925 0.248523 0.968595 0.007801 0.188656 0.007963 -0.010096 0.999917 9.914021
5.714602 0.957022 -0.289924 -0.007226 14.544935 0.289992 0.956961 0.011465 0.287089 0.003591 -0.013068 0.999908 10.093444
5.818230 0.943255 -0.332036 -0.004737 14.783152 0.332070 0.943140 0.014718 0.417374 -0.000420 -0.015456 0.999880 10.273864
5.921818 0.926943 -0.375200 -0.000981 15.010058 0.375161 0.926801 0.017147 0.567738 -0.005524 -0.016262 0.999852 10.450591
6.025500 0.907965 -0.419017 0.004944 15.269029 0.418847 0.907833 0.020189 0.732489 -0.012947 -0.016260 0.999784 10.630728
6.129102 0.886487 -0.462662 0.009194 15.517840 0.462346 0.886366 0.024330 0.903428 -0.019406 -0.017317 0.999662 10.807823
6.232877 0.862161 -0.506528 0.010343 15.717773 0.506084 0.861997 0.028994 1.108971 -0.023602 -0.019763 0.999526 10.980496
6.336478 0.834697 -0.550602 0.010889 15.966024 0.550061 0.834510 0.032027 1.327359 -0.026722 -0.020743 0.999428 11.151708
6.440381 0.804407 -0.594018 0.008432 16.171087 0.593433 0.804114 0.035179 1.592403 -0.027677 -0.023294 0.999345 11.319241
6.543978 0.771312 -0.636406 0.008025 16.410354 0.635750 0.770989 0.037396 1.850823 -0.029986 -0.023742 0.999268 11.482535
6.647753 0.734921 -0.678111 0.007497 16.647250 0.677350 0.734544 0.040534 2.129099 -0.032993 -0.024711 0.999150 11.643176
6.751478 0.696478 -0.717530 0.008355 16.837953 0.716686 0.696145 0.041764 2.449732 -0.035783 -0.023099 0.999093 11.802493
6.855255 0.656120 -0.754606 0.008738 17.086862 0.753755 0.655858 0.041285 2.791203 -0.036885 -0.020502 0.999109 11.963517
6.958977 0.613754 -0.789418 0.011200 17.324604 0.788561 0.613655 0.039994 3.167491 -0.038445 -0.015715 0.999137 12.123867
7.062878 0.569265 -0.822034 0.014055 17.520449 0.821150 0.569331 0.039670 3.571670 -0.040612 -0.011042 0.999114 12.280850
7.166664 0.523011 -0.852210 0.014078 17.736835 0.851285 0.523117 0.040786 3.995037 -0.042123 -0.009348 0.999069 12.434634
7.270484 0.474091 -0.880396 0.011819 17.887898 0.879535 0.474162 0.039851 4.441840 -0.040689 -0.008497 0.999136 12.585953
7.374271 0.421880 -0.906546 0.013837 18.082008 0.905743 0.422092 0.038314 4.934953 -0.040574 -0.003631 0.999170 12.736738
7.478107 0.368399 -0.929524 0.016319 18.259711 0.928764 0.368758 0.037621 5.440485 -0.040988 0.001297 0.999159 12.887476
7.581857 0.314564 -0.949093 0.016499 18.370682 0.948449 0.314963 0.035243 5.989405 -0.038646 0.004563 0.999243 13.034707
7.685730 0.261324 -0.965119 0.015996 18.497038 0.964308 0.261765 0.039862 6.549457 -0.042659 0.005008 0.999077 13.182570
7.789732 0.209771 -0.977603 0.017008 18.602371 0.976578 0.210339 0.045316 7.136510 -0.047878 0.007103 0.998828 13.331267
7.893780 0.160651 -0.986796 0.020612 18.665523 0.985802 0.161453 0.046119 7.781582 -0.048837 0.012910 0.998723 13.476343
7.997735 0.115888 -0.993040 0.021015 18.727739 0.992014 0.116777 0.047668 8.427947 -0.049790 0.015323 0.998642 13.625200
8.101860 0.075132 -0.997005 0.018319 18.745399 0.996033 0.075912 0.046438 9.116173 -0.047689 0.014757 0.998753 13.768439
8.206103 0.039563 -0.999109 0.014693 18.753779 0.998327 0.040144 0.041619 9.797661 -0.042171 0.013022 0.999026 13.901837
8.310360 0.010359 -0.999888 0.010795 18.734125 0.999123 0.010788 0.040470 10.510949 -0.040582 0.010366 0.999122 14.037854
8.414610 -0.011127 -0.999905 0.008155 18.708786 0.998936 -0.010751 0.044841 11.255708 -0.044749 0.008645 0.998961 14.177915
8.519107 -0.024707 -0.999660 0.008276 18.678390 0.998412 -0.024255 0.050839 12.058789 -0.050621 0.009519 0.998673 14.314751
8.623503 -0.033036 -0.999423 0.007869 18.638040 0.998009 -0.032564 0.054018 12.832924 -0.053731 0.009638 0.998509 14.452224
8.728004 -0.037150 -0.999271 0.008845 18.599273 0.997997 -0.036646 0.051565 13.639075 -0.051203 0.010743 0.998630 14.586946
8.832360 -0.037046 -0.999204 0.014793 18.562901 0.998197 -0.036301 0.047807 14.444561 -0.047232 0.016537 0.998747 14.716362
8.936856 -0.033605 -0.999040 0.028097 18.544549 0.998452 -0.032312 0.045265 15.314221 -0.044314 0.029575 0.998580 14.835467
9.041230 -0.028225 -0.999163 0.029617 18.511262 0.998600 -0.026858 0.045563 16.172163 -0.044730 0.030861 0.998522 14.965608
9.145624 -0.022540 -0.999391 0.026636 18.475228 0.998759 -0.021326 0.045012 17.064470 -0.044416 0.027617 0.998631 15.102168
9.249857 -0.019482 -0.999301 0.031917 18.450902 0.999097 -0.018252 0.038374 17.949774 -0.037765 0.032636 0.998754 15.233147
9.354110 -0.017053 -0.999394 0.030336 18.412972 0.999481 -0.016209 0.027854 18.887955 -0.027345 0.030796 0.999152 15.353621
9.458357 -0.015642 -0.999622 0.022601 18.366768 0.999685 -0.015192 0.019963 19.814978 -0.019612 0.022906 0.999545 15.489344
9.562484 -0.016784 -0.999713 0.017084 18.322441 0.999733 -0.016507 0.016193 20.765189 -0.015906 0.017351 0.999723 15.625762
9.666611 -0.020145 -0.999763 0.008209 18.269939 0.999542 -0.019954 0.022736 21.736177 -0.022567 0.008664 0.999708 15.775256
9.770607 -0.024415 -0.999701 0.001036 18.214907 0.999236 -0.024371 0.030568 22.730405 -0.030533 0.001781 0.999532 15.920026
9.874732 -0.029358 -0.999569 -0.000110 18.159879 0.998771 -0.029339 0.039954 23.757796 -0.039940 0.001063 0.999201 16.047454
9.978746 -0.031306 -0.999508 -0.001841 18.102324 0.998278 -0.031358 0.049565 24.798376 -0.049598 -0.000286 0.998769 16.170611
10.082860 -0.032545 -0.999470 -0.000916 18.048040 0.997755 -0.032543 0.058525 25.844274 -0.058524 0.000991 0.998285 16.288633
10.186860 -0.033966 -0.999423 0.000858 17.995671 0.997615 -0.033853 0.060153 26.882970 -0.060089 0.002899 0.998189 16.401258
10.290860 -0.035847 -0.999357 -0.000620 17.935899 0.997750 -0.035824 0.056672 27.922470 -0.056658 0.001413 0.998393 16.525742
10.394860 -0.038265 -0.999267 -0.000780 17.883571 0.997903 -0.038253 0.052208 29.035877 -0.052200 0.001219 0.998636 16.343855
10.498740 -0.042999 -0.999075 -0.000551 17.828394 0.997960 -0.042977 0.047213 30.158449 -0.047193 0.001480 0.998885 16.085052
10.602610 -0.048729 -0.998812 -0.000619 17.765015 0.997925 -0.048712 0.042102 31.241357 -0.042082 0.001434 0.999113 15.940103
10.706490 -0.055304 -0.998468 -0.001508 17.695411 0.997692 -0.055320 0.039368 32.347996 -0.039391 0.000673 0.999224 15.705554
10.810480 -0.061793 -0.998088 -0.001701 17.617234 0.997178 -0.061810 0.042619 33.446038 -0.042643 0.000937 0.999090 15.563731
10.914360 -0.068483 -0.997647 -0.003314 17.526667 0.996500 -0.068563 0.047822 34.573992 -0.047937 -0.000027 0.998850 15.348210
11.018230 -0.074356 -0.997208 -0.006815 17.430031 0.995911 -0.074608 0.050948 35.686058 -0.051314 -0.002999 0.998678 15.197360
11.122230 -0.079236 -0.996807 -0.009898 17.330115 0.995427 -0.079650 0.052742 36.814289 -0.053362 -0.005673 0.998559 15.019890
11.226110 -0.081794 -0.996539 -0.014828 17.222263 0.995099 -0.082487 0.054528 37.923219 -0.055563 -0.010295 0.998402 14.880072
11.330130 -0.083157 -0.996351 -0.019247 17.111200 0.994898 -0.084112 0.055715 39.046665 -0.057130 -0.014516 0.998261 14.717280
11.434110 -0.084766 -0.996184 -0.020781 17.006974 0.994761 -0.085804 0.055580 40.149827 -0.057151 -0.015961 0.998238 14.583942
11.538130 -0.086197 -0.996055 -0.021089 16.901332 0.994690 -0.087235 0.054605 41.248089 -0.056229 -0.016270 0.998285 14.456231
11.642000 -0.087219 -0.995941 -0.022218 16.791668 0.994641 -0.088305 0.053778 42.347511 -0.055522 -0.017408 0.998306 14.320169
11.746010 -0.088065 -0.995812 -0.024537 16.680481 0.994583 -0.089268 0.053261 43.447640 -0.055229 -0.019714 0.998279 14.209462
11.849860 -0.088876 -0.995638 -0.028386 16.541413 0.994611 -0.090240 0.051051 44.546374 -0.053390 -0.023696 0.998293 14.079623
11.953860 -0.089209 -0.995453 -0.033393 16.404739 0.994810 -0.090699 0.046123 45.650540 -0.048942 -0.029105 0.998377 13.982814
12.057860 -0.088528 -0.995435 -0.035679 16.266795 0.994927 -0.090087 0.044766 46.760043 -0.047776 -0.031535 0.998360 13.869352
12.161860 -0.086741 -0.995548 -0.036891 16.144496 0.994900 -0.088479 0.048429 47.875225 -0.051478 -0.032503 0.998145 13.784256
12.265860 -0.084945 -0.995652 -0.038220 15.992132 0.994805 -0.086907 0.053007 48.973249 -0.056098 -0.033519 0.997862 13.683836
12.369860 -0.083977 -0.995849 -0.035109 15.865696 0.994962 -0.085734 0.051960 50.082936 -0.054754 -0.030569 0.998032 13.591315
12.473860 -0.082192 -0.996028 -0.034253 15.726924 0.995154 -0.083885 0.051310 51.208509 -0.053979 -0.029869 0.998095 13.492489
12.577880 -0.078441 -0.996179 -0.038398 15.585667 0.995398 -0.080390 0.052157 52.330050 -0.055044 -0.034130 0.997900 13.409081
12.681880 -0.073268 -0.996359 -0.043584 15.425987 0.995748 -0.075530 0.052741 53.459462 -0.055841 -0.039535 0.997657 13.317263
12.785860 -0.067763 -0.996586 -0.047154 15.275600 0.996142 -0.070223 0.052624 54.565610 -0.055756 -0.043406 0.997500 13.228828
12.889860 -0.062635 -0.996854 -0.048579 15.108182 0.996520 -0.065148 0.052004 55.685022 -0.055005 -0.045152 0.997465 13.126009
12.993730 -0.057501 -0.997197 -0.047866 14.977128 0.996907 -0.059925 0.050844 56.807340 -0.053569 -0.044794 0.997559 13.039631
13.097750 -0.052738 -0.997545 -0.046076 14.862357 0.997177 -0.055076 0.051046 57.939042 -0.053458 -0.043253 0.997633 12.956970
13.201610 -0.048064 -0.997830 -0.044998 14.751850 0.997409 -0.050360 0.051373 59.077463 -0.053528 -0.042412 0.997665 12.873608
13.305610 -0.042877 -0.998135 -0.043458 14.662630 0.997570 -0.045162 0.053043 60.218882 -0.054907 -0.041078 0.997646 12.798217
13.409480 -0.038017 -0.998285 -0.044526 14.566961 0.997741 -0.040391 0.053681 61.369805 -0.055387 -0.042385 0.997565 12.707006
13.513360 -0.032944 -0.998481 -0.044156 14.491038 0.997896 -0.035329 0.054357 62.509716 -0.055834 -0.042272 0.997545 12.624909
13.617240 -0.028507 -0.998653 -0.043363 14.414134 0.998299 -0.030651 0.049593 63.644956 -0.050855 -0.041876 0.997828 12.538301
13.721240 -0.024600 -0.998784 -0.042724 14.356897 0.998668 -0.026491 0.044267 64.786515 -0.045345 -0.041578 0.998106 12.465370
13.825130 -0.021474 -0.998868 -0.042449 14.303257 0.998814 -0.023290 0.042753 65.946020 -0.043694 -0.041480 0.998183 12.390770
13.928860 -0.018513 -0.998936 -0.042248 14.237770 0.998743 -0.020445 0.045774 67.136971 -0.046589 -0.041347 0.998058 12.312828
14.032740 -0.016875 -0.998979 -0.041903 14.163590 0.998771 -0.018794 0.045851 68.347371 -0.046592 -0.041078 0.998069 12.232281
14.136490 -0.016205 -0.998915 -0.043649 14.099913 0.998809 -0.018181 0.045278 69.545708 -0.046023 -0.042864 0.998020 12.162205
14.240240 -0.015695 -0.998861 -0.045049 14.034064 0.998765 -0.017786 0.046387 70.743005 -0.047135 -0.044265 0.997907 12.097371
14.343990 -0.014821 -0.998845 -0.045695 13.983900 0.998779 -0.016943 0.046408 71.942399 -0.047129 -0.044951 0.997877 12.025290
14.447760 -0.013963 -0.998835 -0.046195 13.955793 0.998891 -0.016012 0.044273 73.156880 -0.044961 -0.045526 0.997951 11.962037
14.551490 -0.013687 -0.998915 -0.044509 13.927933 0.998951 -0.015606 0.043044 74.395317 -0.043692 -0.043873 0.998081 11.901452
14.655240 -0.013768 -0.999075 -0.040728 13.909534 0.998951 -0.015523 0.043079 75.588177 -0.043672 -0.040092 0.998241 11.851599
14.758990 -0.014034 -0.999148 -0.038823 13.888743 0.998943 -0.015710 0.043207 76.782781 -0.043780 -0.038175 0.998312 11.804042
14.862740 -0.013969 -0.999175 -0.038141 13.866058 0.998823 -0.015716 0.045889 77.977442 -0.046451 -0.037455 0.998218 11.749440
14.966480 -0.013736 -0.999072 -0.040823 13.836202 0.998632 -0.015768 0.049855 79.179481 -0.050452 -0.040083 0.997922 11.689814
15.070240 -0.013168 -0.998981 -0.043177 13.798994 0.998627 -0.015328 0.050090 80.364436 -0.050701 -0.042458 0.997811 11.634604
15.174010 -0.013121 -0.998941 -0.044097 13.755510 0.998743 -0.015227 0.047764 81.541476 -0.048385 -0.043415 0.997885 11.576220
15.277740 -0.013229 -0.998939 -0.044117 13.727145 0.998860 -0.015226 0.045246 82.728884 -0.045870 -0.043468 0.998001 11.522574
15.381490 -0.013653 -0.999024 -0.042019 13.711014 0.998879 -0.015532 0.044715 83.951606 -0.045324 -0.041361 0.998116 11.470510
15.485240 -0.013726 -0.999088 -0.040430 13.695131 0.998802 -0.015600 0.046389 85.158221 -0.046978 -0.039745 0.998105 11.420973
15.588990 -0.013488 -0.999119 -0.039740 13.677069 0.998674 -0.015435 0.049116 86.359096 -0.049686 -0.039024 0.998002 11.370764
15.692760 -0.013025 -0.999106 -0.040213 13.652954 0.998561 -0.015089 0.051454 87.559222 -0.052015 -0.039485 0.997865 11.317492
15.796490 -0.012921 -0.999041 -0.041828 13.621450 0.998528 -0.015095 0.052093 88.755869 -0.052675 -0.041094 0.997766 11.258121
15.900370 -0.012908 -0.999063 -0.041307 13.596074 0.998636 -0.014971 0.050024 89.961791 -0.050595 -0.040605 0.997893 11.194553
16.004120 -0.012958 -0.999131 -0.039625 13.569616 0.998719 -0.014871 0.048360 91.145021 -0.048907 -0.038948 0.998044 11.138947
16.107990 -0.013085 -0.999191 -0.038022 13.535550 0.998677 -0.014951 0.049203 92.319584 -0.049731 -0.037328 0.998065 11.091647
16.211750 -0.013075 -0.999263 -0.036093 13.509910 0.998516 -0.014956 0.052361 93.488893 -0.052862 -0.035355 0.997976 11.043141
16.315610 -0.012931 -0.999317 -0.034607 13.483473 0.998380 -0.014821 0.054938 94.662596 -0.055413 -0.033840 0.997890 10.988820
16.419500 -0.012601 -0.999299 -0.035253 13.449764 0.998306 -0.014576 0.056329 95.827235 -0.056803 -0.034484 0.997790 10.928864
16.523240 -0.012169 -0.999223 -0.037493 13.406697 0.998195 -0.014345 0.058314 96.984392 -0.058807 -0.036715 0.997594 10.866026
16.627120 -0.012010 -0.999121 -0.040152 13.370843 0.998235 -0.014316 0.057632 98.145425 -0.058156 -0.039389 0.997530 10.803368
16.730870 -0.011786 -0.999017 -0.042722 13.332594 0.998435 -0.014093 0.054117 99.314225 -0.054666 -0.042017 0.997620 10.731195
16.834740 -0.011568 -0.998938 -0.044601 13.301663 0.998514 -0.013916 0.052684 100.481719 -0.053248 -0.043925 0.997615 10.654724
16.938510 -0.011772 -0.998957 -0.044109 13.277355 0.998598 -0.014022 0.051052 101.647544 -0.051617 -0.043446 0.997721 10.580565
17.042360 -0.011828 -0.999018 -0.042703 13.255186 0.998669 -0.013946 0.049653 102.814778 -0.050200 -0.042059 0.997853 10.507794
17.146160 -0.011915 -0.999038 -0.042196 13.232625 0.998570 -0.014088 0.051570 103.980497 -0.052115 -0.041521 0.997778 10.438742
17.249990 -0.011708 -0.999088 -0.041072 13.209545 0.998414 -0.013942 0.054553 105.151826 -0.055076 -0.040368 0.997666 10.369071
17.353750 -0.012202 -0.998924 -0.044747 13.187708 0.998460 -0.014594 0.053526 106.325597 -0.054122 -0.044025 0.997563 10.295708
17.457660 -0.012523 -0.998697 -0.049473 13.165144 0.998389 -0.015226 0.054654 107.514805 -0.055336 -0.048709 0.997279 10.218949
17.561490 -0.012569 -0.998532 -0.052683 13.137220 0.998436 -0.015403 0.053742 108.696257 -0.054475 -0.051925 0.997164 10.150800
17.665390 -0.012822 -0.998493 -0.053365 13.111009 0.998612 -0.015513 0.050336 109.885475 -0.051088 -0.052645 0.997306 10.081836
17.769110 -0.013728 -0.998464 -0.053677 13.087633 0.998818 -0.016197 0.045836 111.071651 -0.046635 -0.052984 0.997506 10.017721
17.873090 -0.014722 -0.998618 -0.050447 13.068591 0.998839 -0.017002 0.045076 112.271445 -0.045871 -0.049725 0.997709 9.957124
17.976860 -0.015517 -0.998818 -0.046061 13.052115 0.998841 -0.017584 0.044811 113.477552 -0.045568 -0.045312 0.997933 9.900084
18.080740 -0.016127 -0.998861 -0.044905 13.030030 0.998772 -0.018197 0.046078 114.692230 -0.046843 -0.044107 0.997928 9.840916
18.184490 -0.016746 -0.998866 -0.044559 13.006093 0.998558 -0.018981 0.050226 115.912370 -0.051015 -0.043653 0.997743 9.783618
18.288360 -0.017526 -0.998920 -0.043024 12.984667 0.998522 -0.019701 0.050657 117.134198 -0.051450 -0.042072 0.997789 9.721007
18.392110 -0.018166 -0.998923 -0.042688 12.965605 0.998725 -0.020141 0.046299 118.360014 -0.047109 -0.041793 0.998015 9.652704
18.495870 -0.019026 -0.998901 -0.042836 12.942563 0.998888 -0.020839 0.042283 119.588427 -0.043129 -0.041984 0.998187 9.590480
18.599610 -0.020160 -0.998905 -0.042230 12.919587 0.998927 -0.021886 0.040806 120.826435 -0.041685 -0.041362 0.998274 9.533738
18.703510 -0.020603 -0.998846 -0.043389 12.892677 0.998873 -0.022420 0.041832 122.076762 -0.042757 -0.042478 0.998182 9.479221
18.807240 -0.020787 -0.998614 -0.048344 12.859814 0.998655 -0.023036 0.046446 123.336347 -0.047495 -0.047314 0.997750 9.423234
18.910990 -0.020672 -0.998308 -0.054349 12.821537 0.998461 -0.023412 0.050268 124.596382 -0.051455 -0.053226 0.997256 9.365960
19.014760 -0.020428 -0.997904 -0.061406 12.781675 0.998479 -0.023508 0.049861 125.855370 -0.051201 -0.060294 0.996867 9.302394
19.118620 -0.020178 -0.997686 -0.064926 12.744807 0.998589 -0.023301 0.047709 127.113767 -0.049112 -0.063872 0.996749 9.241469
19.222390 -0.020669 -0.997550 -0.066836 12.711473 0.998638 -0.023802 0.046422 128.373824 -0.047899 -0.065785 0.996683 9.182830
19.326140 -0.021250 -0.997491 -0.067536 12.681655 0.998626 -0.024413 0.046368 129.632053 -0.047900 -0.066458 0.996639 9.128893
19.429870 -0.022009 -0.997625 -0.065274 12.662948 0.998662 -0.024994 0.045276 130.891961 -0.046800 -0.064190 0.996840 9.075391
19.533490 -0.022494 -0.997606 -0.065389 12.617864 0.998634 -0.025506 0.045609 132.144575 -0.047167 -0.064274 0.996817 9.018962
19.637240 -0.022947 -0.997597 -0.065380 12.571381 0.998370 -0.026285 0.050662 133.414122 -0.052259 -0.064111 0.996574 8.952117
19.740990 -0.023485 -0.997617 -0.064871 12.514787 0.998081 -0.027116 0.055664 134.689863 -0.057290 -0.063439 0.996340 8.876367
19.844740 -0.023820 -0.997614 -0.064799 12.455684 0.998179 -0.027327 0.053775 135.951668 -0.055417 -0.063400 0.996448 8.797613
19.948610 -0.023405 -0.997627 -0.064749 12.400146 0.998280 -0.026804 0.052132 137.225417 -0.053743 -0.063417 0.996539 8.715167
20.052370 -0.022408 -0.997695 -0.064051 12.353771 0.998300 -0.025778 0.052278 138.485123 -0.053809 -0.062770 0.996576 8.644664
20.156120 -0.021666 -0.997694 -0.064318 12.306981 0.998359 -0.025002 0.051515 139.748251 -0.053004 -0.063096 0.996599 8.573186
20.259990 -0.020947 -0.997730 -0.063998 12.266152 0.998304 -0.024350 0.052871 141.004725 -0.054309 -0.062782 0.996548 8.507405
20.363770 -0.019888 -0.997663 -0.065370 12.235401 0.998087 -0.023640 0.057123 142.268045 -0.058534 -0.064109 0.996225 8.431248
20.467490 -0.018413 -0.997597 -0.066790 12.202613 0.998036 -0.022339 0.058527 143.519882 -0.059878 -0.065581 0.996049 8.356465
20.571360 -0.017564 -0.997459 -0.069039 12.168974 0.998205 -0.021448 0.055915 144.768844 -0.057254 -0.067933 0.996046 8.279950
20.675130 -0.017703 -0.997535 -0.067903 12.139864 0.998394 -0.021291 0.052491 146.009178 -0.053808 -0.066864 0.996310 8.209356
20.778890 -0.018030 -0.997719 -0.065048 12.115153 0.998479 -0.021357 0.050827 147.253145 -0.052100 -0.064032 0.996587 8.142590
20.882620 -0.018360 -0.997793 -0.063813 12.100805 0.998499 -0.021593 0.050341 148.503639 -0.051608 -0.062793 0.996691 8.071749
20.986240 -0.018697 -0.997959 -0.061055 12.082631 0.998489 -0.021794 0.050450 149.745565 -0.051677 -0.060020 0.996859 8.004714
21.089990 -0.019056 -0.998084 -0.058860 12.064157 0.998519 -0.021999 0.049765 150.987601 -0.050964 -0.057824 0.997025 7.939711
21.193740 -0.018870 -0.998114 -0.058420 12.039135 0.998519 -0.021795 0.049846 152.224311 -0.051026 -0.057393 0.997047 7.875678
21.297510 -0.019151 -0.998261 -0.055749 12.018625 0.998411 -0.022049 0.051850 153.466018 -0.052989 -0.054668 0.997098 7.809266
21.401240 -0.019505 -0.998383 -0.053400 11.994520 0.998315 -0.022367 0.053541 154.702798 -0.054649 -0.052266 0.997137 7.743414
21.504990 -0.019796 -0.998507 -0.050907 11.974157 0.998390 -0.022449 0.052082 155.938598 -0.053147 -0.049794 0.997344 7.673790
21.608750 -0.020352 -0.998437 -0.052055 11.946790 0.998369 -0.023073 0.052220 157.168633 -0.053339 -0.050908 0.997278 7.608214
21.712490 -0.020070 -0.998407 -0.052737 11.918410 0.998107 -0.023075 0.057011 158.405730 -0.058137 -0.051493 0.996980 7.541046
21.816370 -0.019236 -0.998106 -0.058428 11.882281 0.997721 -0.022942 0.063448 159.638618 -0.064668 -0.057074 0.996273 7.472880
21.920120 -0.017534 -0.997866 -0.062901 11.846932 0.997719 -0.021563 0.063972 160.869385 -0.065192 -0.061635 0.995967 7.396663
22.023870 -0.016226 -0.997648 -0.066602 11.813240 0.997994 -0.020236 0.059983 162.088606 -0.061190 -0.065495 0.995975 7.320115
22.127740 -0.014815 -0.997559 -0.068232 11.778719 0.998322 -0.018577 0.054838 163.301912 -0.055972 -0.067305 0.996161 7.244757
22.231490 -0.014076 -0.997401 -0.070661 11.730485 0.998465 -0.017806 0.052441 164.520553 -0.053563 -0.069814 0.996121 7.164793
22.335250 -0.013483 -0.997705 -0.066351 11.694493 0.998571 -0.016866 0.050703 165.739267 -0.051706 -0.065572 0.996507 7.093590
22.439020 -0.013858 -0.997976 -0.062063 11.659846 0.998835 -0.016686 0.045283 166.954145 -0.046227 -0.061363 0.997044 7.021255
22.542870 -0.014356 -0.998288 -0.056693 11.644540 0.998906 -0.016842 0.043624 168.158813 -0.044505 -0.056005 0.997438 6.965086
22.646620 -0.015446 -0.998461 -0.053263 11.636814 0.998864 -0.017810 0.044200 169.354739 -0.045080 -0.052520 0.997602 6.913439
22.750370 -0.014598 -0.998440 -0.053895 11.616512 0.998490 -0.017411 0.052099 170.563476 -0.052956 -0.053053 0.997187 6.861876
22.854240 -0.012809 -0.998350 -0.055967 11.598098 0.998357 -0.015896 0.055055 171.766198 -0.055853 -0.055170 0.996914 6.803946
22.957990 -0.011061 -0.998344 -0.056455 11.579790 0.998561 -0.013991 0.051765 172.965563 -0.052469 -0.055801 0.997062 6.740771
23.061870 -0.010174 -0.998243 -0.058371 11.563121 0.998627 -0.013143 0.050716 174.168834 -0.051394 -0.057775 0.997006 6.678675
23.165620 -0.009248 -0.998315 -0.057294 11.549413 0.998521 -0.012289 0.052952 175.372169 -0.053567 -0.056719 0.996952 6.622031
23.269370 -0.008697 -0.998365 -0.056486 11.535893 0.998610 -0.011608 0.051419 176.563259 -0.051991 -0.055961 0.997078 6.563483
23.373250 -0.007158 -0.998377 -0.056497 11.523834 0.998710 -0.009978 0.049796 177.736134 -0.050279 -0.056068 0.997160 6.505512
23.477120 -0.005406 -0.998291 -0.058187 11.509018 0.998646 -0.008401 0.051344 178.884562 -0.051745 -0.057831 0.996984 6.454102
23.580990 -0.003854 -0.998294 -0.058253 11.498994 0.998551 -0.006969 0.053362 180.002993 -0.053677 -0.057963 0.996875 6.406964
23.684740 -0.003330 -0.998256 -0.058937 11.490520 0.998468 -0.006574 0.054934 181.091281 -0.055226 -0.058664 0.996749 6.359302
23.788620 -0.002983 -0.998224 -0.059497 11.483702 0.998388 -0.006345 0.056404 182.155866 -0.056681 -0.059233 0.996634 6.310347
23.892370 -0.003040 -0.998282 -0.058508 11.477761 0.998317 -0.006418 0.057636 183.196341 -0.057913 -0.058234 0.996622 6.259520
23.996270 -0.002813 -0.998266 -0.058791 11.472580 0.998363 -0.006162 0.056863 184.204727 -0.057127 -0.058535 0.996649 6.207680
24.100000 -0.001401 -0.998228 -0.059482 11.464388 0.998373 -0.004787 0.056827 185.178780 -0.057012 -0.059306 0.996611 6.157278
24.203870 0.000225 -0.998188 -0.060163 11.459234 0.998370 -0.003210 0.056992 186.127128 -0.057082 -0.060078 0.996560 6.109195
24.307750 -0.000513 -0.998241 -0.059283 11.461125 0.998448 -0.003813 0.055562 187.061778 -0.055690 -0.059163 0.996694 6.064210
24.411490 -0.003738 -0.998378 -0.056819 11.467250 0.998581 -0.006745 0.052821 187.995987 -0.053118 -0.056541 0.996986 6.019687
24.515240 -0.008862 -0.998362 -0.056517 11.460655 0.998711 -0.011662 0.049400 188.917468 -0.049978 -0.056006 0.997179 5.973852
24.619020 -0.013852 -0.998199 -0.058368 11.444841 0.998794 -0.016562 0.046211 189.836509 -0.047094 -0.057658 0.997225 5.926964
24.722870 -0.017934 -0.998012 -0.060422 11.424660 0.998779 -0.020665 0.044880 190.760331 -0.046039 -0.059544 0.997163 5.881031
24.826620 -0.020671 -0.997833 -0.062469 11.400975 0.998678 -0.023549 0.045690 191.672560 -0.047062 -0.061442 0.997001 5.835160
24.930500 -0.022527 -0.997830 -0.061869 11.380956 0.998567 -0.025462 0.047071 192.592150 -0.048545 -0.060719 0.996974 5.787407
25.034370 -0.024275 -0.997972 -0.058840 11.360890 0.998428 -0.027176 0.049017 193.502689 -0.050517 -0.057558 0.997063 5.740343
25.138140 -0.025653 -0.998019 -0.057450 11.338446 0.998363 -0.028516 0.049584 194.409899 -0.051124 -0.056084 0.997116 5.693475
25.241990 -0.026701 -0.997986 -0.057536 11.309255 0.998369 -0.029529 0.048867 195.312900 -0.050467 -0.056137 0.997147 5.646446
25.345870 -0.027471 -0.997879 -0.059021 11.283608 0.998408 -0.030299 0.047573 196.215673 -0.049260 -0.057620 0.997122 5.595113
25.449750 -0.027271 -0.997640 -0.063020 11.250865 0.998440 -0.030257 0.046918 197.117291 -0.048714 -0.061642 0.996909 5.546740
25.553620 -0.026472 -0.997502 -0.065491 11.222351 0.998553 -0.029454 0.044986 198.024176 -0.046803 -0.064206 0.996839 5.498652
25.657500 -0.025663 -0.997489 -0.066005 11.192817 0.998685 -0.028513 0.042603 198.930515 -0.044378 -0.064825 0.996909 5.451423
25.761490 -0.025311 -0.997524 -0.065608 11.166351 0.998821 -0.027953 0.039678 199.843699 -0.041414 -0.064527 0.997056 5.404670
25.865370 -0.024521 -0.997547 -0.065560 11.142022 0.998857 -0.027139 0.039337 200.761420 -0.041020 -0.064520 0.997073 5.357418
25.969250 -0.023944 -0.997676 -0.063794 11.119519 0.998777 -0.026633 0.041649 201.688977 -0.043252 -0.062719 0.997094 5.310939
26.073140 -0.023863 -0.997713 -0.063241 11.096909 0.998670 -0.026682 0.044114 202.624246 -0.045700 -0.062104 0.997023 5.265250
26.177120 -0.023310 -0.998004 -0.058697 11.075710 0.998821 -0.025749 0.041157 203.556909 -0.042586 -0.057668 0.997427 5.219475
26.281000 -0.023863 -0.998161 -0.055733 11.067090 0.999011 -0.025902 0.036155 204.495991 -0.037532 -0.054815 0.997791 5.171118
26.384870 -0.023087 -0.997954 -0.059617 11.048736 0.998988 -0.025331 0.037167 205.447063 -0.038601 -0.058699 0.997529 5.119175
26.488870 -0.021363 -0.997846 -0.062029 11.035931 0.998890 -0.023907 0.040576 206.413765 -0.041972 -0.061094 0.997249 5.076828
26.592750 -0.019490 -0.998011 -0.059946 11.021073 0.998910 -0.021981 0.041184 207.376956 -0.042420 -0.059078 0.997352 5.029377
26.696750 -0.017340 -0.998177 -0.057809 11.052280 0.998941 -0.019759 0.041549 208.374689 -0.042615 -0.057028 0.997463 4.963470
26.800630 -0.015276 -0.998129 -0.059211 11.057675 0.998762 -0.018037 0.046365 209.370500 -0.047347 -0.058430 0.997168 4.908284
26.904610 -0.013418 -0.998338 -0.056043 11.077845 0.998576 -0.016274 0.050805 210.381952 -0.051633 -0.055281 0.997135 4.841303
27.008490 -0.012160 -0.998413 -0.054987 11.087117 0.998550 -0.015009 0.051706 211.387877 -0.052449 -0.054279 0.997147 4.776227
27.112500 -0.009861 -0.998285 -0.057699 11.103677 0.998561 -0.012873 0.052066 212.420226 -0.052720 -0.057103 0.996975 4.725030
27.216490 -0.006620 -0.998146 -0.060505 11.118964 0.998506 -0.009880 0.053737 213.465308 -0.054235 -0.060059 0.996720 4.685881
27.320600 -0.002912 -0.998102 -0.061517 11.139730 0.998493 -0.006273 0.054514 214.518621 -0.054796 -0.061266 0.996616 4.643947
27.424600 0.000270 -0.997933 -0.064268 11.139933 0.998633 -0.003090 0.052179 215.546774 -0.052269 -0.064194 0.996568 4.589893
27.528600 0.002956 -0.997944 -0.064022 11.119367 0.998794 -0.000191 0.049097 216.546772 -0.049008 -0.064090 0.996740 4.526558
27.632500 0.004501 -0.998003 -0.063007 11.108013 0.998862 0.001496 0.047670 217.573022 -0.047481 -0.063150 0.996874 4.474136
27.736480 0.006262 -0.997974 -0.063310 11.106698 0.998749 0.003101 0.049905 218.630739 -0.049608 -0.063543 0.996745 4.429499
27.840470 0.007763 -0.997829 -0.065403 11.092137 0.998574 0.004280 0.053222 219.677000 -0.052826 -0.065722 0.996439 4.382580
27.944280 0.009194 -0.997798 -0.065681 11.069118 0.998552 0.005680 0.053497 220.723508 -0.053006 -0.066078 0.996406 4.345828
28.048120 0.009722 -0.997876 -0.064418 11.048149 0.998714 0.006484 0.050291 221.774169 -0.049767 -0.064825 0.996655 4.310162
28.152000 0.009637 -0.998047 -0.061727 11.040329 0.998844 0.006700 0.047612 222.834930 -0.047105 -0.062114 0.996957 4.265194
28.255750 0.009236 -0.998177 -0.059637 11.016706 0.998913 0.006485 0.046159 223.903154 -0.045688 -0.059999 0.997152 4.255157
28.359620 0.009407 -0.998136 -0.060297 11.002243 0.998946 0.006671 0.045418 224.984999 -0.044932 -0.060661 0.997147 4.224076
28.463500 0.009662 -0.998172 -0.059667 10.983612 0.998961 0.006977 0.045043 226.091614 -0.044544 -0.060040 0.997202 4.202316
28.567240 0.009670 -0.998009 -0.062328 10.968051 0.998883 0.006757 0.046768 227.205093 -0.046254 -0.062711 0.996959 4.170810
28.671140 0.009463 -0.997955 -0.063216 10.976379 0.998802 0.006399 0.048509 228.327686 -0.048005 -0.063599 0.996820 4.169695
28.774870 0.008905 -0.997933 -0.063645 10.982440 0.998725 0.005714 0.050148 229.453414 -0.049681 -0.064011 0.996712 4.150999
28.878620 0.008417 -0.997893 -0.064325 10.986535 0.998654 0.005096 0.051627 230.588696 -0.051190 -0.064673 0.996593 4.124456
28.982390 0.007894 -0.997747 -0.066626 10.987757 0.998559 0.004328 0.053497 231.733821 -0.053088 -0.066953 0.996343 4.097830
29.086020 0.006764 -0.997578 -0.069221 10.985866 0.998628 0.003144 0.052267 232.880330 -0.051923 -0.069480 0.996231 4.061576
29.189620 0.005432 -0.997677 -0.067908 10.987767 0.998847 0.002173 0.047964 234.030034 -0.047705 -0.068090 0.996538 4.026559
29.293390 0.003492 -0.997877 -0.065027 10.988880 0.999145 0.000803 0.041335 235.185662 -0.041195 -0.065116 0.997027 3.987661
29.397000 0.001137 -0.998176 -0.060362 10.996362 0.999325 -0.001081 0.036712 236.355841 -0.036711 -0.060363 0.997501 3.952674
29.500870 -0.001269 -0.998522 -0.054334 10.999898 0.999334 -0.003249 0.036360 237.534933 -0.036483 -0.054252 0.997861 3.915838
29.604400 -0.003520 -0.998760 -0.049657 11.000875 0.999159 -0.005542 0.040636 238.726526 -0.040861 -0.049472 0.997939 3.882338
29.707990 -0.005557 -0.998854 -0.047538 10.992303 0.999039 -0.007612 0.043170 239.918643 -0.043482 -0.047252 0.997936 3.841274
29.811770 -0.007799 -0.998931 -0.045572 10.985510 0.999052 -0.009736 0.042428 241.118092 -0.042827 -0.045198 0.998060 3.795690
29.915440 -0.010087 -0.998899 -0.045819 10.974647 0.999019 -0.012043 0.042620 242.326338 -0.043125 -0.045344 0.998040 3.749942
30.019240 -0.012119 -0.998909 -0.045109 10.963482 0.998919 -0.014120 0.044299 243.535786 -0.044887 -0.044524 0.997999 3.708883
30.123000 -0.014414 -0.998917 -0.044229 10.950353 0.998879 -0.016380 0.044415 244.750002 -0.045092 -0.043539 0.998034 3.667020
30.226940 -0.016714 -0.998879 -0.044284 10.929546 0.998907 -0.018616 0.042887 245.972215 -0.043663 -0.043518 0.998098 3.620863
30.330400 -0.018853 -0.998851 -0.044050 10.906110 0.998889 -0.020720 0.042319 247.197237 -0.043183 -0.043203 0.998133 3.573208
30.434250 -0.021223 -0.998773 -0.044743 10.875246 0.998791 -0.023165 0.043353 248.436443 -0.044336 -0.043769 0.998057 3.523066
30.538000 -0.023376 -0.998701 -0.045266 10.844004 0.998711 -0.025369 0.043972 249.679310 -0.045063 -0.044180 0.998007 3.473297
30.641770 -0.025739 -0.998580 -0.046650 10.805363 0.998614 -0.027826 0.044665 250.926413 -0.045899 -0.045436 0.997912 3.421957
30.745500 -0.027954 -0.998432 -0.048496 10.751724 0.998463 -0.030212 0.046468 252.165616 -0.047860 -0.047123 0.997742 3.374717
30.849370 -0.029429 -0.998306 -0.050201 10.695078 0.998385 -0.031798 0.047068 253.402276 -0.048584 -0.048735 0.997629 3.319117
30.953270 -0.030278 -0.998138 -0.052941 10.638929 0.998316 -0.032820 0.047825 254.657433 -0.049474 -0.051404 0.997452 3.265353
31.057000 -0.030138 -0.998086 -0.053994 10.591206 0.998295 -0.032758 0.048312 255.915901 -0.049988 -0.052445 0.997372 3.216777
31.160750 -0.030271 -0.998146 -0.052811 10.539413 0.998355 -0.032767 0.047045 257.165249 -0.048688 -0.051300 0.997496 3.163510
31.264640 -0.030432 -0.998300 -0.049712 10.492230 0.998440 -0.032690 0.045267 258.411070 -0.046815 -0.048257 0.997737 3.106604
31.368500 -0.030525 -0.998323 -0.049186 10.453468 0.998425 -0.032772 0.045528 259.668942 -0.047064 -0.047719 0.997751 3.052842
31.472250 -0.030599 -0.998331 -0.048968 10.418117 0.998383 -0.032875 0.046373 260.932201 -0.047906 -0.047470 0.997723 3.006777
31.576130 -0.030344 -0.998379 -0.048159 10.375657 0.998398 -0.032577 0.046270 262.189079 -0.047764 -0.046678 0.997767 2.973437
31.679870 -0.029848 -0.998411 -0.047800 10.333652 0.998390 -0.032086 0.046766 263.443509 -0.048225 -0.046327 0.997762 2.940305
31.783750 -0.029724 -0.998520 -0.045544 10.292217 0.998318 -0.031925 0.048384 264.692091 -0.049767 -0.044030 0.997790 2.901692
31.887500 -0.030107 -0.998710 -0.040901 10.257028 0.998216 -0.032153 0.050317 265.953212 -0.051567 -0.039313 0.997895 2.860903
31.991390 -0.030082 -0.998828 -0.037915 10.217302 0.998033 -0.032102 0.053840 267.208444 -0.054994 -0.036221 0.997829 2.813800
32.095130 -0.029991 -0.998906 -0.035882 10.177088 0.997906 -0.031981 0.056220 268.462184 -0.057306 -0.034121 0.997773 2.764939
32.198870 -0.030000 -0.998899 -0.036071 10.131584 0.997965 -0.031964 0.055170 269.701648 -0.056262 -0.034343 0.997825 2.710370
32.302630 -0.029928 -0.998832 -0.037924 10.084216 0.998084 -0.031918 0.053000 270.940312 -0.054148 -0.036265 0.997874 2.655176
32.406370 -0.029999 -0.998601 -0.043540 10.020730 0.997929 -0.032402 0.055561 272.186551 -0.056895 -0.041783 0.997505 2.601823
32.510130 -0.029610 -0.998325 -0.049699 9.949573 0.997526 -0.032685 0.062232 273.436992 -0.063753 -0.047733 0.996824 2.550466
32.613880 -0.029337 -0.998107 -0.054052 9.883876 0.997511 -0.032702 0.062467 274.674962 -0.064116 -0.052085 0.996582 2.490412
32.717620 -0.029457 -0.998125 -0.053662 9.825208 0.997937 -0.032431 0.055414 275.902521 -0.057050 -0.051919 0.997020 2.428173
32.821370 -0.030458 -0.998255 -0.050580 9.771112 0.998228 -0.032967 0.049541 277.123380 -0.051122 -0.048981 0.997491 2.356597
32.925130 -0.030965 -0.998497 -0.045229 9.726564 0.998268 -0.033159 0.048595 278.350201 -0.050022 -0.043646 0.997794 2.284036
33.028890 -0.030140 -0.998675 -0.041703 9.688328 0.998212 -0.032228 0.050350 279.587642 -0.051627 -0.040111 0.997861 2.213444
